=== Sheet: เธญเธขเธธเธเธขเธฒ ===
Max row: 350, Max col: 19
Row 1: [(0, 'เน€เธเนเธฒเธซเธกเธฒเธขเธเธฒเธฃเธ”เธณเน€เธเธดเธเธเธฒเธ เธเธฃเธฐเธเธณเธเธตเธเธเธเธฃเธฐเธกเธฒเธ“ เธ.เธจ. 2570 ')]
Row 2: [(0, 'เธชเธณเธเธฑเธเธเธฒเธเธเธฑเธ”เธซเธฒเธเธฒเธเธเธฑเธเธซเธงเธฑเธ”เธเธฃเธฐเธเธเธฃเธจเธฃเธตเธญเธขเธธเธเธขเธฒ')]
Row 4: [(0, 'เนเธเธเธเธฒเธ/เนเธเธฃเธเธเธฒเธฃ/เธเธฅเธเธฅเธดเธ•/เธเธดเธเธเธฃเธฃเธก '), (1, 'เธซเธเนเธงเธขเธเธฑเธ'), (2, 'เน€เธเนเธฒเธซเธกเธฒเธข\nเธเธตเธเธ 2570'), (3, 'เน€เธเนเธฒเธซเธกเธฒเธขเธเธฒเธฃเธ”เธณเน€เธเธดเธเธเธฒเธ')]
Row 5: [(3, 'เธเธต 2569'), (7, 'เธเธต 2570')]
Row 6: [(3, 'เนเธ•เธฃเธกเธฒเธช 1'), (7, 'เนเธ•เธฃเธกเธฒเธช 2'), (11, 'เนเธ•เธฃเธกเธฒเธช 3'), (15, 'เนเธ•เธฃเธกเธฒเธช 4')]
Row 7: [(3, datetime.datetime(1969, 10, 1, 0, 0)), (4, datetime.datetime(1969, 11, 1, 0, 0)), (5, datetime.datetime(1969, 12, 1, 0, 0)), (6, 'เธฃเธงเธก'), (7, datetime.datetime(1970, 1, 1, 0, 0)), (8, datetime.datetime(1970, 2, 1, 0, 0)), (9, datetime.datetime(1970, 3, 1, 0, 0)), (10, 'เธฃเธงเธก'), (11, datetime.datetime(1970, 4, 1, 0, 0)), (12, datetime.datetime(1970, 5, 1, 0, 0)), (13, datetime.datetime(1970, 6, 1, 0, 0)), (14, 'เธฃเธงเธก'), (15, datetime.datetime(1970, 7, 1, 0, 0)), (16, datetime.datetime(1970, 8, 1, 0, 0)), (17, datetime.datetime(1970, 9, 1, 0, 0)), (18, 'เธฃเธงเธก')]
Row 8: [(0, 'เนเธเธเธเธฒเธเธขเธธเธ—เธเธจเธฒเธชเธ•เธฃเนเธเธฑเธ”เธเธฒเธฃเธเธฑเธเธซเธฒเนเธฃเธเธเธฒเธเธ•เนเธฒเธเธ”เนเธฒเธงเนเธฅเธฐเธเธฒเธฃเธเนเธฒเธกเธเธธเธฉเธขเน')]
Row 9: [(0, '1. เนเธเธฃเธเธเธฒเธฃเธเธฃเธดเธซเธฒเธฃเธเธฑเธ”เธเธฒเธฃเนเธฃเธเธเธฒเธเธ•เนเธฒเธเธ”เนเธฒเธง (1.1 เน€เธเนเธเน€เธเนเธฒเธซเธกเธฒเธขเนเธเธฃเธเธเธฒเธฃ)'), (1, 'เธเธ '), (2, 3000), (3, 380), (4, 380), (5, 380), (6, 1140), (7, 230), (8, 230), (9, 230), (10, 690), (11, 200), (12, 200), (13, 200), (14, 600), (15, 190), (16, 190), (17, 190), (18, 570)]
Row 10: [(0, '1.1 เธเธดเธเธเธฃเธฃเธกเธซเธฅเธฑเธเธ—เธตเน 1 : เธเธดเธเธฒเธฃเธ“เธฒเธเธณเธเธญเนเธฅเธฐเธฃเธฑเธเนเธเนเธเธเธฒเธฃเธ—เธณเธเธฒเธเธเธญเธเธเธเธ•เนเธฒเธเธ”เนเธฒเธง'), (1, 'เธเธ '), (2, 3000), (3, 380), (4, 380), (5, 380), (6, 1140), (7, 230), (8, 230), (9, 230), (10, 690), (11, 200), (12, 200), (13, 200), (14, 600), (15, 190), (16, 190), (17, 190), (18, 570)]
Row 11: [(0, 'เธ—เธตเนเธขเธทเนเธเธเธญเธญเธเธธเธเธฒเธ•เธ—เธณเธเธฒเธ'), (1, 'เธเธฃเธฑเนเธ'), (2, 4000), (3, 510), (4, 510), (5, 500), (6, 1520), (7, 300), (8, 310), (9, 310), (10, 920), (11, 260), (12, 270), (13, 270), (14, 800), (15, 250), (16, 250), (17, 260), (18, 760)]
Row 12: [(0, '     1.1.1 เธเธดเธเธฒเธฃเธ“เธฒเธเธณเธเธญเนเธฅเธฐเธฃเธฑเธเนเธเนเธเธเธฒเธฃเธ—เธณเธเธฒเธเธเธญเธเธเธเธ•เนเธฒเธเธ”เนเธฒเธง เธ•เธฒเธกเธกเธฒเธ•เธฃเธฒ 59 เธกเธฒเธ•เธฃเธฒ 61 '), (1, 'เธเธ '), (2, 3000), (3, 380), (4, 380), (5, 380), (6, 1140), (7, 230), (8, 230), (9, 230), (10, 690), (11, 200), (12, 200), (13, 200), (14, 600), (15, 190), (16, 190), (17, 190), (18, 570)]
Row 13: [(0, 'เนเธฅเธฐเธกเธฒเธ•เธฃเธฒ 63/1'), (1, 'เธเธฃเธฑเนเธ'), (2, 4000), (3, 510), (4, 510), (5, 500), (6, 1520), (7, 300), (8, 310), (9, 310), (10, 920), (11, 260), (12, 270), (13, 270), (14, 800), (15, 250), (16, 250), (17, 260), (18, 760)]
Row 14: [(0, '1.2 เธเธดเธเธเธฃเธฃเธกเธซเธฅเธฑเธเธ—เธตเน 2 : เธ•เธฃเธงเธเธชเธญเธเธเธฒเธฃเธ—เธณเธเธฒเธเธเธญเธเธเธเธ•เนเธฒเธเธ”เนเธฒเธงเนเธฅเธฐเธชเธ–เธฒเธเธเธฃเธฐเธเธญเธเธเธฒเธฃ'), (1, ' เธเธ '), (2, 3350), (3, 413), (4, 414), (5, 414), (6, 1241), (7, 268), (8, 268), (9, 268), (10, 804), (11, 212), (12, 212), (13, 212), (14, 636), (15, 223), (16, 223), (17, 223), (18, 669)]
Row 15: [(1, 'เนเธซเนเธ'), (2, 280), (3, 33), (4, 35), (5, 35), (6, 103), (7, 22), (8, 22), (9, 22), (10, 66), (11, 18), (12, 18), (13, 18), (14, 54), (15, 19), (16, 19), (17, 19), (18, 57)]
