=== Sheet: เธชเธณเธเธฑเธเธญเธเธดเธเธ”เธต  - Full data ===
Row 1: [(0, 'เน€เธเนเธฒเธซเธกเธฒเธขเธเธฒเธฃเธ”เธณเน€เธเธดเธเธเธฒเธ เธเธฃเธฐเธเธณเธเธตเธเธเธเธฃเธฐเธกเธฒเธ“ เธ.เธจ. 2570 ')]
Row 2: [(0, 'เธชเธณเธเธฑเธเธญเธเธดเธเธ”เธต')]
Row 4: [(0, 'เนเธเธเธเธฒเธ/เนเธเธฃเธเธเธฒเธฃ/เธเธฅเธเธฅเธดเธ•/เธเธดเธเธเธฃเธฃเธก '), (1, 'เธซเธเนเธงเธขเธเธฑเธ'), (2, 'เน€เธเนเธฒเธซเธกเธฒเธข\nเธเธตเธเธ 2570'), (3, 'เน€เธเนเธฒเธซเธกเธฒเธขเธเธฒเธฃเธ”เธณเน€เธเธดเธเธเธฒเธ')]
Row 5: [(3, 'เธเธต 2569'), (7, 'เธเธต 2570')]
Row 6: [(3, 'เนเธ•เธฃเธกเธฒเธช 1'), (7, 'เนเธ•เธฃเธกเธฒเธช 2'), (11, 'เนเธ•เธฃเธกเธฒเธช 3'), (15, 'เนเธ•เธฃเธกเธฒเธช 4')]
Row 7: [(3, datetime.datetime(1969, 10, 1, 0, 0)), (4, datetime.datetime(1969, 11, 1, 0, 0)), (5, datetime.datetime(1969, 12, 1, 0, 0)), (6, 'เธฃเธงเธก'), (7, datetime.datetime(1970, 1, 1, 0, 0)), (8, datetime.datetime(1970, 2, 1, 0, 0)), (9, datetime.datetime(1970, 3, 1, 0, 0)), (10, 'เธฃเธงเธก'), (11, datetime.datetime(1970, 4, 1, 0, 0)), (12, datetime.datetime(1970, 5, 1, 0, 0)), (13, datetime.datetime(1970, 6, 1, 0, 0)), (14, 'เธฃเธงเธก'), (15, datetime.datetime(1970, 7, 1, 0, 0)), (16, datetime.datetime(1970, 8, 1, 0, 0)), (17, datetime.datetime(1970, 9, 1, 0, 0)), (18, 'เธฃเธงเธก')]
Row 8: [(0, 'เนเธเธเธเธฒเธเธขเธธเธ—เธเธจเธฒเธชเธ•เธฃเนเธเธฑเธ”เธเธฒเธฃเธเธฑเธเธซเธฒเนเธฃเธเธเธฒเธเธ•เนเธฒเธเธ”เนเธฒเธงเนเธฅเธฐเธเธฒเธฃเธเนเธฒเธกเธเธธเธฉเธขเน')]
Row 9: [(0, '1. เนเธเธฃเธเธเธฒเธฃเธเธฃเธดเธซเธฒเธฃเธเธฑเธ”เธเธฒเธฃเนเธฃเธเธเธฒเธเธ•เนเธฒเธเธ”เนเธฒเธง (1.1 เน€เธเนเธเน€เธเนเธฒเธซเธกเธฒเธขเนเธเธฃเธเธเธฒเธฃ)'), (1, 'เธเธ '), (2, 0), (3, 0), (4, 0), (5, 0), (6, 0), (7, 0), (8, 0), (9, 0), (10, 0), (11, 0), (12, 0), (13, 0), (14, 0), (15, 0), (16, 0), (17, 0), (18, 0)]
Row 10: [(0, '1.1 เธเธดเธเธเธฃเธฃเธกเธซเธฅเธฑเธเธ—เธตเน 1 : เธเธดเธเธฒเธฃเธ“เธฒเธเธณเธเธญเนเธฅเธฐเธฃเธฑเธเนเธเนเธเธเธฒเธฃเธ—เธณเธเธฒเธเธเธญเธเธเธเธ•เนเธฒเธเธ”เนเธฒเธง'), (1, 'เธเธ '), (2, 0), (3, 0), (4, 0), (5, 0), (6, 0), (7, 0), (8, 0), (9, 0), (10, 0), (11, 0), (12, 0), (13, 0), (14, 0), (15, 0), (16, 0), (17, 0), (18, 0)]
Row 11: [(0, 'เธ—เธตเนเธขเธทเนเธเธเธญเธญเธเธธเธเธฒเธ•เธ—เธณเธเธฒเธ'), (1, 'เธเธฃเธฑเนเธ'), (2, 0), (3, 0), (4, 0), (5, 0), (6, 0), (7, 0), (8, 0), (9, 0), (10, 0), (11, 0), (12, 0), (13, 0), (14, 0), (15, 0), (16, 0), (17, 0), (18, 0)]
Row 12: [(0, '     1.1.1 เธเธดเธเธฒเธฃเธ“เธฒเธเธณเธเธญเนเธฅเธฐเธฃเธฑเธเนเธเนเธเธเธฒเธฃเธ—เธณเธเธฒเธเธเธญเธเธเธเธ•เนเธฒเธเธ”เนเธฒเธง เธ•เธฒเธกเธกเธฒเธ•เธฃเธฒ 59 เธกเธฒเธ•เธฃเธฒ 61 '), (1, 'เธเธ '), (2, 0), (6, 0), (10, 0), (14, 0), (18, 0)]
Row 13: [(0, 'เนเธฅเธฐเธกเธฒเธ•เธฃเธฒ 63/1'), (1, 'เธเธฃเธฑเนเธ'), (2, 0), (6, 0), (10, 0), (14, 0), (18, 0)]
Row 14: [(0, '1.2 เธเธดเธเธเธฃเธฃเธกเธซเธฅเธฑเธเธ—เธตเน 2 : เธ•เธฃเธงเธเธชเธญเธเธเธฒเธฃเธ—เธณเธเธฒเธเธเธญเธเธเธเธ•เนเธฒเธเธ”เนเธฒเธงเนเธฅเธฐเธชเธ–เธฒเธเธเธฃเธฐเธเธญเธเธเธฒเธฃ'), (1, ' เธเธ '), (2, 0), (3, 0), (4, 0), (5, 0), (6, 0), (7, 0), (8, 0), (9, 0), (10, 0), (11, 0), (12, 0), (13, 0), (14, 0), (15, 0), (16, 0), (17, 0), (18, 0)]
Row 15: [(1, 'เนเธซเนเธ'), (2, 0), (3, 0), (4, 0), (5, 0), (6, 0), (7, 0), (8, 0), (9, 0), (10, 0), (11, 0), (12, 0), (13, 0), (14, 0), (15, 0), (16, 0), (17, 0), (18, 0)]
Row 16: [(0, '     1.2.1 เธเธดเธเธเธฃเธฃเธกเธ•เธฃเธงเธเธชเธญเธเธเธฒเธฃเธ—เธณเธเธฒเธเธเธญเธเธเธเธ•เนเธฒเธเธ”เนเธฒเธงเนเธฅเธฐเธชเธ–เธฒเธเธเธฃเธฐเธเธญเธเธเธฒเธฃ'), (1, ' เธเธ '), (2, 0), (6, 0), (10, 0), (14, 0), (18, 0)]
Row 17: [(1, 'เนเธซเนเธ'), (2, 0), (6, 0), (10, 0), (14, 0), (18, 0)]
Row 18: [(0, '2. เนเธเธฃเธเธเธฒเธฃเธเนเธญเธเธเธฑเธเธเธฑเธเธซเธฒเธเธฒเธฃเธเนเธฒเธกเธเธธเธฉเธขเนเธ”เนเธฒเธเนเธฃเธเธเธฒเธ (2.1 - 2.2 เน€เธเนเธเน€เธเนเธฒเธซเธกเธฒเธขเนเธเธฃเธเธเธฒเธฃ)'), (1, 'เธเธ'), (2, 0), (3, 0), (4, 0), (5, 0), (6, 0), (7, 0), (8, 0), (9, 0), (10, 0), (11, 0), (12, 0), (13, 0), (14, 0), (15, 0), (16, 0), (17, 0), (18, 0)]
Row 19: [(0, '2.1 เธเธดเธเธเธฃเธฃเธกเธซเธฅเธฑเธเธ—เธตเน 1 : เธเธฒเธฃเนเธซเนเธเธงเธฒเธกเธเธธเนเธกเธเธฃเธญเธเธเธเธซเธฒเธเธฒเธเธ•เธฒเธกเธเธเธซเธกเธฒเธขเธเธฑเธ”เธซเธฒเธเธฒเธ'), (1, 'เธเธ'), (2, 0), (3, 0), (4, 0), (5, 0), (6, 0), (7, 0), (8, 0), (9, 0), (10, 0), (11, 0), (12, 0), (13, 0), (14, 0), (15, 0), (16, 0), (17, 0), (18, 0)]
Row 20: [(0, 'เนเธฅเธฐเธเธธเนเธกเธเธฃเธญเธเธเธเธซเธฒเธเธฒเธ (2.1.1 เน€เธเนเธเน€เธเนเธฒเธซเธกเธฒเธขเธเธดเธเธเธฃเธฃเธก)')]
Row 21: [(0, '     2.1.1 เธเธดเธเธเธฃเธฃเธกเธเธธเนเธกเธเธฃเธญเธเธเนเธญเธเธเธฑเธเธเธฒเธฃเธซเธฅเธญเธเธฅเธงเธเนเธฅเธฐเธฅเธฑเธเธฅเธญเธเนเธเธ—เธณเธเธฒเธเธ•เนเธฒเธเธเธฃเธฐเน€เธ—เธจ '), (1, 'เธเธ'), (2, 0), (3, 0), (4, 0), (5, 0), (6, 0), (7, 0), (8, 0), (9, 0), (10, 0), (11, 0), (12, 0), (13, 0), (14, 0), (15, 0), (16, 0), (17, 0), (18, 0)]
Row 22: [(0, '(เธเนเธญ 1) - 2) เน€เธเนเธเน€เธเนเธฒเธซเธกเธฒเธขเธเธดเธเธเธฃเธฃเธก)')]
Row 23: [(0, '            1) เน€เธเธขเนเธเธฃเนเธเธงเธฒเธกเธฃเธนเนเน€เธเธทเนเธญเธเนเธญเธเธเธฑเธเธเธฒเธฃเธซเธฅเธญเธเธฅเธงเธเนเธฅเธฐเธฅเธฑเธเธฅเธญเธเนเธเธ—เธณเธเธฒเธเธ•เนเธฒเธเธเธฃเธฐเน€เธ—เธจ'), (1, 'เธเธ'), (2, 0), (6, 0), (10, 0), (14, 0), (18, 0)]
Row 24: [(0, '            2) เธเธธเนเธกเธเธฃเธญเธเธเธเธซเธฒเธเธฒเธเน€เธเธดเธเธฃเธธเธเนเธฅเธฐเน€เธเธฃเธทเธญเธเนเธฒเธขเธเธธเธกเธเธเธฃเนเธงเธกเธฃเธ“เธฃเธเธเนเธเนเธญเธเธเธฑเธเธเธฒเธฃเธซเธฅเธญเธเธฅเธงเธ'), (1, 'เธเธ'), (2, 0), (6, 0), (10, 0), (14, 0), (18, 0)]
Row 25: [(0, 'เนเธฅเธฐเธฅเธฑเธเธฅเธญเธเนเธเธ—เธณเธเธฒเธเธ•เนเธฒเธเธเธฃเธฐเน€เธ—เธจ ')]
Row 26: [(0, '     2.1.2 เธเธดเธเธเธฃเธฃเธกเธ•เธฃเธงเธเธชเธญเธเธเธนเนเธฃเธฑเธเธญเธเธธเธเธฒเธ•เธเธฑเธ”เธซเธฒเธเธฒเธเนเธฅเธฐเธเธนเนเธฃเธฑเธเธญเธเธธเธเธฒเธ•เธเธณเธเธเธ•เนเธฒเธเธ”เนเธฒเธงเธกเธฒ'), (1, 'เนเธซเนเธ'), (2, 0), (6, 0), (10, 0), (14, 0), (18, 0)]
Row 27: [(0, 'เธ—เธณเธเธฒเธเธเธฑเธเธเธฒเธขเธเนเธฒเธ')]
Row 28: [(0, '     2.1.3 เธเธดเธเธเธฃเธฃเธกเธ•เธฃเธงเธเนเธฅเธฐเธเธธเนเธกเธเธฃเธญเธเนเธฃเธเธเธฒเธเนเธ—เธขเนเธเธ•เนเธฒเธเธเธฃเธฐเน€เธ—เธจ '), (1, 'เธเธฃเธฐเน€เธ—เธจ'), (2, 0), (6, 0), (10, 0), (14, 0), (18, 0)]
Row 29: [(0, '2.2 เธเธดเธเธเธฃเธฃเธกเธซเธฅเธฑเธเธ—เธตเน 2 :เธเธฒเธฃเธชเธฃเนเธฒเธเธเธงเธฒเธกเธ•เธฃเธฐเธซเธเธฑเธเธฃเธนเนเนเธเนเนเธฃเธเธเธฒเธเน€เธเธทเนเธญเธเนเธญเธเธเธฑเธ'), (1, 'เธเธ'), (2, 0), (3, 0), (4, 0), (5, 0), (6, 0), (7, 0), (8, 0), (9, 0), (10, 0), (11, 0), (12, 0), (13, 0), (14, 0), (15, 0), (16, 0), (17, 0), (18, 0)]
Row 30: [(0, 'เธเธฑเธเธซเธฒเธเธฒเธฃเธเนเธฒเธกเธเธธเธฉเธขเน  (2.2.1 - 2.2.2 เน€เธเนเธเน€เธเนเธฒเธซเธกเธฒเธขเธเธดเธเธเธฃเธฃเธก)')]
Row 31: [(0, '     2.2.1 เธเธดเธเธเธฃเธฃเธกเธเนเธญเธเธเธฑเธเธเธฒเธฃเธเนเธฒเธกเธเธธเธฉเธขเนเธ”เนเธฒเธเนเธฃเธเธเธฒเธเธ•เนเธฒเธเธ”เนเธฒเธง'), (1, 'เธเธ'), (2, 0), (3, 0), (4, 0), (5, 0), (6, 0), (7, 0), (8, 0), (9, 0), (10, 0), (11, 0), (12, 0), (13, 0), (14, 0), (15, 0), (16, 0), (17, 0), (18, 0)]
Row 32: [(0, '            1) เธเธฒเธขเธเนเธฒเธ '), (1, 'เธเธ'), (2, 0), (6, 0), (10, 0), (14, 0), (18, 0)]
Row 33: [(0, '            2) เธ•เนเธฒเธเธ”เนเธฒเธง'), (1, 'เธเธ'), (2, 0), (6, 0), (10, 0), (14, 0), (18, 0)]
Row 34: [(0, '     2.2.2 เธเธดเธเธเธฃเธฃเธกเธเนเธญเธเธเธฑเธเธเธฒเธฃเธ•เธเน€เธเนเธเน€เธซเธขเธทเนเธญเธเธฒเธฃเธเนเธฒเธกเธเธธเธฉเธขเนเนเธเธเธฒเธฃเนเธเธ—เธณเธเธฒเธเธ•เนเธฒเธเธเธฃเธฐเน€เธ—เธจ'), (1, 'เธเธ'), (2, 0), (6, 0), (10, 0), (14, 0), (18, 0)]
Row 35: [(0, '     2.2.3 เธเธดเธเธเธฃเธฃเธกเน€เธเธดเนเธกเธเธฃเธฐเธชเธดเธ—เธเธดเธ เธฒเธเธเธฒเธฃเธเธเธดเธเธฑเธ•เธดเธเธฒเธเธ”เนเธฒเธเธเธเธซเธกเธฒเธขเธเธญเธเธเธฃเธกเธเธฒเธฃเธเธฑเธ”เธซเธฒเธเธฒเธ'), (1, 'เธเธ'), (2, 0), (6, 0), (10, 0), (14, 0), (18, 0)]
Row 36: [(0, '3. เนเธเธฃเธเธเธฒเธฃเธจเธนเธเธขเนเธเธฃเธฐเธชเธฒเธเนเธฃเธเธเธฒเธเธเธฃเธฐเธกเธ'), (1, 'เธเธ'), (2, 0), (3, 0), (4, 0), (5, 0), (6, 0), (7, 0), (8, 0), (9, 0), (10, 0), (11, 0), (12, 0), (13, 0), (14, 0), (15, 0), (16, 0), (17, 0), (18, 0)]
Row 37: [(0, '3.1 เธเธดเธเธเธฃเธฃเธกเธซเธฅเธฑเธ : เธเธฒเธฃเธชเธฃเนเธฒเธเธเธงเธฒเธกเธ•เธฃเธฐเธซเธเธฑเธเธฃเธนเนเนเธฅเธฐเธเธฑเธ”เธฃเธฐเน€เธเธตเธขเธเนเธฃเธเธเธฒเธเธ•เนเธฒเธเธ”เนเธฒเธง'), (1, 'เธเธ'), (2, 0), (3, 0), (4, 0), (5, 0), (6, 0), (7, 0), (8, 0), (9, 0), (10, 0), (11, 0), (12, 0), (13, 0), (14, 0), (15, 0), (16, 0), (17, 0), (18, 0)]
Row 38: [(0, 'เนเธเธ เธฒเธเธเธฃเธฐเธกเธ')]
Row 39: [(0, '     3.1.1 เธเธดเธเธเธฃเธฃเธกเธจเธนเธเธขเนเธเธฃเธฐเธชเธฒเธเนเธฃเธเธเธฒเธเธเธฃเธฐเธกเธ 22 เธเธฑเธเธซเธงเธฑเธ”'), (1, 'เธเธ'), (2, 0), (3, 0), (4, 0), (5, 0), (6, 0), (7, 0), (8, 0), (9, 0), (10, 0), (11, 0), (12, 0), (13, 0), (14, 0), (15, 0), (16, 0), (17, 0), (18, 0)]
Row 40: [(0, '            1) เนเธ”เนเธฃเธฑเธเธญเธเธธเธเธฒเธ•เธ—เธณเธเธฒเธ'), (1, 'เธเธ'), (2, 0), (6, 0), (10, 0), (14, 0), (18, 0)]
Row 41: [(0, '            2) เธเธฃเธดเธเธฒเธฃเนเธซเนเธเธณเธเธฃเธถเธเธฉเธฒ'), (1, 'เธเธ'), (2, 0), (6, 0), (10, 0), (14, 0), (18, 0)]
Row 42: [(0, 'เนเธเธเธเธฒเธเธขเธธเธ—เธเธจเธฒเธชเธ•เธฃเนเธเนเธญเธเธเธฑเธ เธเธฃเธฒเธเธเธฃเธฒเธก เนเธฅเธฐเนเธเนเนเธเธเธฑเธเธซเธฒเธขเธฒเน€เธชเธเธ•เธดเธ”')]
Row 43: [(0, '4. เนเธเธฃเธเธเธฒเธฃเธชเธฃเนเธฒเธเธ เธนเธกเธดเธเธธเนเธกเธเธฑเธเนเธซเนเนเธฃเธเธเธฒเธเธซเนเธฒเธเนเธเธฅเธขเธฒเน€เธชเธเธ•เธดเธ”'), (1, 'เธเธ'), (2, 0), (3, 0), (4, 0), (5, 0), (6, 0), (7, 0), (8, 0), (9, 0), (10, 0), (11, 0), (12, 0), (13, 0), (14, 0), (15, 0), (16, 0), (17, 0), (18, 0)]
Row 44: [(0, '4.1 เธเธดเธเธเธฃเธฃเธกเธซเธฅเธฑเธ : เธชเธฃเนเธฒเธเธ เธนเธกเธดเธเธธเนเธกเธเธฑเธเธเนเธญเธเธเธฑเธเธเธฑเธเธซเธฒเธขเธฒเน€เธชเธเธ•เธดเธ”  '), (1, 'เธเธ'), (2, 0), (3, 0), (4, 0), (5, 0), (6, 0), (7, 0), (8, 0), (9, 0), (10, 0), (11, 0), (12, 0), (13, 0), (14, 0), (15, 0), (16, 0), (17, 0), (18, 0)]
Row 45: [(0, '(4.1.1 - 4.1.3 เน€เธเนเธเน€เธเนเธฒเธซเธกเธฒเธขเธเธดเธเธเธฃเธฃเธก)')]
Row 46: [(0, '     4.1.1 เธเธดเธเธเธฃเธฃเธกเธชเธฃเนเธฒเธเธเธงเธฒเธกเธฃเธนเนเน€เธเธทเนเธญเธเนเธญเธเธเธฑเธเธเธฒเธฃเน€เธเธดเธ”เธเธฑเธเธซเธฒเธขเธฒเน€เธชเธเธ•เธดเธ”เนเธเธเธฅเธธเนเธกเธเธนเนเธเธฃเธฐเธเธฑเธเธ•เธ'), (1, 'เธเธ'), (2, 0), (6, 0), (10, 0), (14, 0), (18, 0)]
Row 47: [(0, 'เธเธฃเธ“เธตเธงเนเธฒเธเธเธฒเธ')]
Row 48: [(0, '     4.1.2 เธเธดเธเธเธฃเธฃเธกเธชเธฃเนเธฒเธเธ เธนเธกเธดเธเธธเนเธกเธเธฑเธเนเธฅเธฐเนเธเนเนเธเธเธฑเธเธซเธฒเธขเธฒเน€เธชเธเธ•เธดเธ”เนเธเธเธฅเธธเนเธกเนเธฃเธเธเธฒเธเนเธ—เธข'), (1, 'เธเธ'), (2, 0), (6, 0), (10, 0), (14, 0), (18, 0)]
Row 49: [(0, 'เนเธเธ—เธณเธเธฒเธเธ•เนเธฒเธเธเธฃเธฐเน€เธ—เธจ')]
Row 50: [(0, '     4.1.3 เธเธดเธเธเธฃเธฃเธกเธเนเธญเธเธเธฑเธเธเธฑเธเธซเธฒเธขเธฒเน€เธชเธเธ•เธดเธ”เนเธเธเธฅเธธเนเธกเธเธฒเธขเธเนเธฒเธ/เธชเธ–เธฒเธเธเธฃเธฐเธเธญเธเธเธฒเธฃ'), (1, 'เธเธ'), (2, 0), (6, 0), (10, 0), (14, 0), (18, 0)]
Row 51: [(0, 'เนเธฅเธฐเนเธฃเธเธเธฒเธเธ•เนเธฒเธเธ”เนเธฒเธง'), (1, 'เนเธซเนเธ'), (2, 0), (6, 0), (10, 0), (14, 0), (18, 0)]
Row 52: [(0, '5. เนเธเธฃเธเธเธฒเธฃเธเธฑเธ”เธซเธฒเธเธฒเธเนเธฅเธฐเธชเนเธเน€เธชเธฃเธดเธกเธเธฒเธฃเธเธฃเธฐเธเธญเธเธญเธฒเธเธตเธเนเธซเนเธเธนเนเธเนเธฒเธเธเธฒเธฃเธเธณเธเธฑเธ”'), (1, 'เธเธ'), (2, 0), (3, 0), (4, 0), (5, 0), (6, 0), (7, 0), (8, 0), (9, 0), (10, 0), (11, 0), (12, 0), (13, 0), (14, 0), (15, 0), (16, 0), (17, 0), (18, 0)]
Row 53: [(0, 'เธฃเธฑเธเธฉเธฒเธขเธฒเน€เธชเธเธ•เธดเธ” ')]
Row 54: [(0, '5.1 เธเธดเธเธเธฃเธฃเธกเธซเธฅเธฑเธ : เธชเนเธเน€เธชเธฃเธดเธกเธเธฒเธฃเธเธฃเธฐเธเธญเธเธญเธฒเธเธตเธเนเธซเนเธเธนเนเธเนเธฒเธเธเธฒเธฃเธเธณเธเธฑเธ”เธขเธฒเน€เธชเธเธ•เธดเธ”'), (1, 'เธเธ'), (2, 0), (3, 0), (4, 0), (5, 0), (6, 0), (7, 0), (8, 0), (9, 0), (10, 0), (11, 0), (12, 0), (13, 0), (14, 0), (15, 0), (16, 0), (17, 0), (18, 0)]
Row 55: [(0, '     5.1.1 เธเธดเธเธเธฃเธฃเธกเธชเนเธเน€เธชเธฃเธดเธกเธเธฒเธฃเธเธฃเธฐเธเธญเธเธญเธฒเธเธตเธเนเธซเนเธเธนเนเธเนเธฒเธเธเธฒเธฃเธเธณเธเธฑเธ”เธขเธฒเน€เธชเธเธ•เธดเธ”เธ—เธตเนเธเธฃเธฐเธชเธเธเน'), (1, 'เธเธ'), (2, 0), (6, 0), (10, 0), (14, 0), (18, 0)]
Row 56: [(0, 'เธเธฐเธเธฃเธฐเธเธญเธเธญเธฒเธเธตเธ เนเธ”เธขเน€เธเนเธเธญเธฒเธเธตเธเธซเธฅเธฑเธเธซเธฃเธทเธญเธญเธฒเธเธตเธเน€เธชเธฃเธดเธก ')]
Row 57: [(0, 'เนเธเธเธเธฒเธเธขเธธเธ—เธเธจเธฒเธชเธ•เธฃเนเธเธฑเธ’เธเธฒเธเธทเนเธเธ—เธตเนเน€เธเธ•เน€เธจเธฃเธฉเธเธเธดเธเธเธดเน€เธจเธฉ')]
Row 58: [(0, '6. เนเธเธฃเธเธเธฒเธฃเธจเธนเธเธขเนเธญเธณเธเธงเธขเธเธงเธฒเธกเธชเธฐเธ”เธงเธเธ”เนเธฒเธเธเธฒเธฃเธเนเธฒเธเนเธฃเธเธเธฒเธเธ•เนเธฒเธเธ”เนเธฒเธง'), (1, 'เธเธ'), (2, 0), (3, 0), (4, 0), (5, 0), (6, 0), (7, 0), (8, 0), (9, 0), (10, 0), (11, 0), (12, 0), (13, 0), (14, 0), (15, 0), (16, 0), (17, 0), (18, 0)]
Row 59: [(0, 'เนเธเน€เธเธ•เธเธฑเธ’เธเธฒเน€เธจเธฃเธฉเธเธเธดเธเธเธดเน€เธจเธฉ')]
Row 60: [(0, '6.1 เธเธดเธเธเธฃเธฃเธกเธซเธฅเธฑเธ : เธจเธนเธเธขเนเธญเธณเธเธงเธขเธเธงเธฒเธกเธชเธฐเธ”เธงเธเธ”เนเธฒเธเธเธฒเธฃเธเนเธฒเธเนเธฃเธเธเธฒเธเธ•เนเธฒเธเธ”เนเธฒเธง'), (1, 'เธเธ'), (2, 0), (3, 0), (4, 0), (5, 0), (6, 0), (7, 0), (8, 0), (9, 0), (10, 0), (11, 0), (12, 0), (13, 0), (14, 0), (15, 0), (16, 0), (17, 0), (18, 0)]
Row 61: [(0, 'เนเธเน€เธเธ•เธเธฑเธ’เธเธฒเน€เธจเธฃเธฉเธเธเธดเธเธเธดเน€เธจเธฉ')]
Row 62: [(0, '      6.1.1 เธเธดเธเธเธฃเธฃเธกเธจเธนเธเธขเนเธญเธณเธเธงเธขเธเธงเธฒเธกเธชเธฐเธ”เธงเธเธ”เนเธฒเธเธเธฒเธฃเธเนเธฒเธเนเธฃเธเธเธฒเธเธ•เนเธฒเธเธ”เนเธฒเธงเนเธเน€เธเธ•เธเธฑเธ’เธเธฒ'), (1, 'เธเธ'), (2, 0), (6, 0), (10, 0), (14, 0), (18, 0)]
Row 63: [(0, 'เน€เธจเธฃเธฉเธเธเธดเธเธเธดเน€เธจเธฉ')]
Row 64: [(0, 'เนเธเธเธเธฒเธเธขเธธเธ—เธเธจเธฒเธชเธ•เธฃเนเธเธฑเธ’เธเธฒเธจเธฑเธเธขเธ เธฒเธเธเธเธ•เธฅเธญเธ”เธเนเธงเธเธเธตเธงเธดเธ•')]
Row 65: [(0, '7. เนเธเธฃเธเธเธฒเธฃเน€เธ•เธฃเธตเธขเธกเธเธงเธฒเธกเธเธฃเนเธญเธกเนเธเนเธเธฅเธธเนเธกเน€เธเนเธฒเธซเธกเธฒเธขเธเนเธญเธเน€เธเนเธฒเธชเธนเนเธ•เธฅเธฒเธ”เนเธฃเธเธเธฒเธ '), (1, 'เธเธ'), (2, 0), (3, 0), (4, 0), (5, 0), (6, 0), (7, 0), (8, 0), (9, 0), (10, 0), (11, 0), (12, 0), (13, 0), (14, 0), (15, 0), (16, 0), (17, 0), (18, 0)]
Row 66: [(0, '(7.1 - 7.3 เน€เธเนเธเน€เธเนเธฒเธซเธกเธฒเธขเนเธเธฃเธเธเธฒเธฃ)')]
Row 67: [(0, '7.1 เธเธดเธเธเธฃเธฃเธกเธซเธฅเธฑเธเธ—เธตเน 1 : เธเธฃเธดเธซเธฒเธฃเธเธฑเธ”เธเธฒเธฃเธเนเธญเธกเธนเธฅเธเนเธฒเธงเธชเธฒเธฃเธ•เธฅเธฒเธ”เนเธฃเธเธเธฒเธ '), (1, 'เธเธ'), (2, 0), (3, 0), (4, 0), (5, 0), (6, 0), (7, 0), (8, 0), (9, 0), (10, 0), (11, 0), (12, 0), (13, 0), (14, 0), (15, 0), (16, 0), (17, 0), (18, 0)]
Row 68: [(0, '(7.1.1 เน€เธเนเธเน€เธเนเธฒเธซเธกเธฒเธขเธเธดเธเธเธฃเธฃเธก)')]
Row 69: [(0, '     7.1.1 เธเธดเธเธเธฃเธฃเธกเธเธฅเธดเธ•เนเธฅเธฐเน€เธเธขเนเธเธฃเนเธเนเธญเธกเธนเธฅเธเนเธฒเธงเธชเธฒเธฃเธ•เธฅเธฒเธ”เนเธฃเธเธเธฒเธ '), (1, 'เธเธ'), (2, 0), (3, 0), (4, 0), (5, 0), (6, 0), (7, 0), (8, 0), (9, 0), (10, 0), (11, 0), (12, 0), (13, 0), (14, 0), (15, 0), (16, 0), (17, 0), (18, 0)]
Row 70: [(0, '(เธเนเธญ 1) เนเธฅเธฐ 2) เน€เธเนเธเน€เธเนเธฒเธซเธกเธฒเธขเธเธดเธเธเธฃเธฃเธก)')]
Row 71: [(0, '            1) เธเธฅเธดเธ•เนเธฅเธฐเน€เธเธขเนเธเธฃเนเธเนเธญเธกเธนเธฅเธเนเธฒเธงเธชเธฒเธฃเธ•เธฅเธฒเธ”เนเธฃเธเธเธฒเธ'), (1, 'เธเธ'), (2, 0), (6, 0), (10, 0), (14, 0), (18, 0)]
Row 72: [(0, '            2) เธเธฑเธ’เธเธฒเธเธงเธฒเธกเธฃเธนเนเนเธฅเธฐเธ—เธฑเธเธฉเธฐเธ”เนเธฒเธเธเธฒเธฃเธเธฅเธดเธ•เนเธฅเธฐเน€เธเธขเนเธเธฃเนเธเนเธญเธกเธนเธฅเธเนเธฒเธงเธชเธฒเธฃเธ•เธฅเธฒเธ”เนเธฃเธเธเธฒเธ'), (1, 'เธเธ'), (2, 0), (3, 0), (4, 0), (5, 0), (6, 0), (7, 0), (8, 0), (9, 0), (10, 0), (11, 0), (12, 0), (13, 0), (14, 0), (15, 0), (16, 0), (17, 0), (18, 0)]
Row 73: [(0, 'เธเนเธฒเธเนเธเธฅเธ•เธเธญเธฃเนเธกเธ”เธดเธเธดเธ—เธฑเธฅ (เธเนเธญ (1) - (2) เน€เธเนเธเน€เธเนเธฒเธซเธกเธฒเธข)')]
Row 74: [(0, '                 (1) เธเธฒเธฃเธเธฅเธดเธ•เนเธฅเธฐเน€เธเธขเนเธเธฃเนเธชเธทเนเธญเธเนเธฒเธเนเธเธฅเธ•เธเธญเธฃเนเธกเธ”เธดเธเธดเธ—เธฑเธฅ'), (1, 'เธเธ'), (2, 0), (6, 0), (10, 0), (14, 0), (18, 0)]
Row 75: [(0, '                 (2) เธเธฒเธฃเธเธฑเธ’เธเธฒเธชเธกเธฃเธฃเธ–เธเธฐเธเธธเธเธฅเธฒเธเธฃเธ เธฒเธเธฃเธฑเธเนเธเธเธฒเธฃเธเธฅเธดเธ•เนเธฅเธฐเน€เธเธขเนเธเธฃเนเธชเธทเนเธญ'), (1, 'เธเธ'), (2, 0), (6, 0), (10, 0), (14, 0), (18, 0)]
Row 76: [(0, 'เธเนเธฒเธเนเธเธฅเธ•เธเธญเธฃเนเธกเธ”เธดเธเธดเธ—เธฑเธฅ')]
Row 77: [(0, '            3) เธเธขเธฒเธขเน€เธเธฃเธทเธญเธเนเธฒเธขเธเนเธญเธกเธนเธฅเธเนเธฒเธงเธชเธฒเธฃเธ•เธฅเธฒเธ”เนเธฃเธเธเธฒเธเน€เธเธทเนเธญเน€เธเธดเนเธกเนเธญเธเธฒเธชเธเธฒเธฃเธกเธตเธเธฒเธเธ—เธณ'), (1, 'เนเธซเนเธ'), (2, 0), (6, 0), (10, 0), (14, 0), (18, 0)]
Row 78: [(0, '    7.1.2 เธเธดเธเธเธฃเธฃเธกเธจเธถเธเธฉเธฒ เธงเธดเน€เธเธฃเธฒเธฐเธซเนเธ•เธฅเธฒเธ”เนเธฃเธเธเธฒเธ เนเธฅเธฐเธเธฑเธ’เธเธฒเธเธธเธเธฅเธฒเธเธฃเธ”เนเธฒเธเธเธฒเธฃเธงเธดเธเธฑเธข '), (1, 'เน€เธฃเธทเนเธญเธ '), (2, 0), (3, 0), (4, 0), (5, 0), (6, 0), (7, 0), (8, 0), (9, 0), (10, 0), (11, 0), (12, 0), (13, 0), (14, 0), (15, 0), (16, 0), (17, 0), (18, 0)]
Row 79: [(0, '            1) เธชเธณเธฃเธงเธเธเธงเธฒเธกเธเธฃเนเธญเธกเธ”เนเธฒเธเธ—เธฑเธเธฉเธฐเนเธฅเธฐเนเธเธงเธ—เธฒเธเธเธฒเธฃเธเธฑเธ’เธเธฒเธจเธฑเธเธขเธ เธฒเธเธเธณเธฅเธฑเธเนเธฃเธเธเธฒเธเนเธ—เธข'), (1, 'เน€เธฃเธทเนเธญเธ '), (2, 0), (6, 0), (10, 0), (14, 0), (18, 0)]
Row 80: [(0, 'เน€เธเธทเนเธญเธ•เธญเธเธชเธเธญเธเธเธงเธฒเธกเธ•เนเธญเธเธเธฒเธฃเนเธฃเธเธเธฒเธเธเธญเธเธญเธธเธ•เธชเธฒเธซเธเธฃเธฃเธกเน€เธเนเธฒเธซเธกเธฒเธขเนเธเธเธฅเธธเนเธกเน€เธจเธฃเธฉเธเธเธดเธ')]
Row 81: [(0, 'เธเธตเธงเธ เธฒเธเน€เธจเธฃเธฉเธเธเธดเธเธซเธกเธธเธเน€เธงเธตเธขเธเนเธฅเธฐเน€เธจเธฃเธฉเธเธเธดเธเธชเธตเน€เธเธตเธขเธง (Bio-Circular-Green Economy)')]
Row 82: [(0, '7.2 เธเธดเธเธเธฃเธฃเธกเธซเธฅเธฑเธเธ—เธตเน 2 : เนเธเธฐเนเธเธงเธญเธฒเธเธตเธ (7.2.1 - 7.2.4 เน€เธเนเธเน€เธเนเธฒเธซเธกเธฒเธขเธเธดเธเธเธฃเธฃเธก)'), (1, 'เธเธ'), (2, 0), (3, 0), (4, 0), (5, 0), (6, 0), (7, 0), (8, 0), (9, 0), (10, 0), (11, 0), (12, 0), (13, 0), (14, 0), (15, 0), (16, 0), (17, 0), (18, 0)]
Row 83: [(0, '     7.2.1 เธเธดเธเธเธฃเธฃเธกเนเธเธฐเนเธเธงเธญเธฒเธเธตเธเนเธซเนเธเธฑเธเน€เธฃเธตเธขเธ เธเธฑเธเธจเธถเธเธฉเธฒ  '), (1, 'เธเธ'), (2, 0), (3, 0), (4, 0), (5, 0), (6, 0), (7, 0), (8, 0), (9, 0), (10, 0), (11, 0), (12, 0), (13, 0), (14, 0), (15, 0), (16, 0), (17, 0), (18, 0)]
Row 84: [(0, '            1) เน€เธเธดเธ”เธเธฃเธฐเธ•เธนเธชเธนเนเธญเธฒเธเธตเธเนเธซเนเธเธฑเธเน€เธฃเธตเธขเธ เธเธฑเธเธจเธถเธเธฉเธฒ'), (1, 'เธเธ'), (2, 0), (6, 0), (10, 0), (14, 0), (18, 0)]
Row 85: [(0, '     7.2.2 เธเธดเธเธเธฃเธฃเธกเนเธเธฐเนเธเธงเธญเธฒเธเธตเธเนเธซเนเธเธฃเธฐเธเธฒเธเธเธ—เธฑเนเธงเนเธ (เธเนเธญ 1) - 3) เน€เธเนเธเน€เธเนเธฒเธซเธกเธฒเธขเธเธดเธเธเธฃเธฃเธก)'), (1, 'เธเธ'), (2, 0), (3, 0), (4, 0), (5, 0), (6, 0), (7, 0), (8, 0), (9, 0), (10, 0), (11, 0), (12, 0), (13, 0), (14, 0), (15, 0), (16, 0), (17, 0), (18, 0)]
Row 86: [(0, '            1) เนเธเธฐเนเธเธงเธญเธฒเธเธตเธเนเธซเนเธเธนเนเธเธฃเธฐเธเธฑเธเธ•เธเธเธฃเธ“เธตเธงเนเธฒเธเธเธฒเธ เธเธฃเธฐเธเธฒเธเธเธ—เธฑเนเธงเนเธ'), (1, 'เธเธ'), (2, 0), (6, 0), (10, 0), (14, 0), (18, 0)]
Row 87: [(0, '            2) เธเธฅเธดเธเธดเธเธญเธฒเธเธตเธ เนเธเธฐเนเธเธงเธ—เธฒเธ เธชเธฃเนเธฒเธเนเธญเธเธฒเธชเธเธฒเธฃเธกเธตเธเธฒเธเธ—เธณ'), (1, 'เธเธ'), (2, 0), (6, 0), (10, 0), (14, 0), (18, 0)]
Row 88: [(0, '            3) เนเธเธฐเนเธเธงเนเธฅเธฐเธชเนเธเน€เธชเธฃเธดเธกเธญเธฒเธเธตเธเนเธซเนเธ—เธซเธฒเธฃเธเนเธญเธเธเธฅเธ”เธเธฃเธฐเธเธณเธเธฒเธฃ'), (1, 'เธเธ'), (2, 0), (6, 0), (10, 0), (14, 0), (18, 0)]
Row 89: [(0, '     7.2.3 เธเธดเธเธเธฃเธฃเธกเนเธเธฐเนเธเธงเธญเธฒเธเธตเธเนเธซเนเธเธฅเธธเนเธกเน€เธเธฃเธฒเธฐเธเธฒเธ'), (1, 'เธเธ'), (2, 0), (3, 0), (4, 0), (5, 0), (6, 0), (7, 0), (8, 0), (9, 0), (10, 0), (11, 0), (12, 0), (13, 0), (14, 0), (15, 0), (16, 0), (17, 0), (18, 0)]
Row 90: [(0, '            1) เนเธเธฐเนเธเธงเธญเธฒเธเธตเธเนเธฅเธฐเธชเนเธเน€เธชเธฃเธดเธกเธญเธฒเธเธตเธเนเธซเนเน€เธ”เนเธเนเธฅเธฐเน€เธขเธฒเธงเธเธเนเธเธชเธ–เธฒเธเธเธดเธเธดเธ'), (1, 'เธเธ'), (2, 0), (6, 0), (10, 0), (14, 0), (18, 0)]
Row 91: [(0, ' เธเธนเนเธ–เธนเธเธเธธเธกเธเธฃเธฐเธเธคเธ•เธด เนเธฅเธฐเธเธนเนเธ•เนเธญเธเธเธฑเธ')]
Row 92: [(0, '     7.2.4 เธเธดเธเธเธฃเธฃเธกเน€เธเธดเนเธกเธเธฃเธฐเธชเธดเธ—เธเธดเธ เธฒเธเธ”เนเธฒเธเธเธฒเธฃเนเธเธฐเนเธเธงเธญเธฒเธเธตเธ'), (1, 'เธเธ'), (2, 0), (3, 0), (4, 0), (5, 0), (6, 0), (7, 0), (8, 0), (9, 0), (10, 0), (11, 0), (12, 0), (13, 0), (14, 0), (15, 0), (16, 0), (17, 0), (18, 0)]
Row 93: [(0, ' (เธเนเธญ 1) - 2) เน€เธเนเธเน€เธเนเธฒเธซเธกเธฒเธขเธเธดเธเธเธฃเธฃเธก)')]
Row 94: [(0, '            1) เธเธฃเธฐเธเธธเธกเธเธตเนเนเธเธเนเธซเนเธเธงเธฒเธกเธฃเธนเนเน€เธฃเธทเนเธญเธเนเธเธฃเธเธเธฒเธฃเน€เธเธดเนเธกเธ—เธฑเธเธฉเธฐเธ”เนเธฒเธเธญเธฒเธเธตเธเนเธเนเธเธฑเธเน€เธฃเธตเธขเธ'), (1, 'เธเธ'), (2, 0), (6, 0), (10, 0), (14, 0), (18, 0)]
Row 95: [(0, 'เธ—เธตเนเนเธกเนเนเธ”เนเน€เธฃเธตเธขเธเธ•เนเธญเธซเธฅเธฑเธเธเธเธเธฒเธฃเธจเธถเธเธฉเธฒเธ เธฒเธเธเธฑเธเธเธฑเธ')]
Row 96: [(0, '            2) เธชเธฃเนเธฒเธเน€เธเธฃเธทเธญเธเนเธฒเธขเธเธฒเธฃเนเธเธฐเนเธเธงเธญเธฒเธเธตเธ '), (1, 'เธเธ'), (2, 0), (6, 0), (10, 0), (14, 0), (18, 0)]
Row 97: [(0, '            3) เธเธฑเธ’เธเธฒเธจเธฑเธเธขเธ เธฒเธเธเธธเธเธฅเธฒเธเธฃเธ”เนเธฒเธเธเธฒเธฃเนเธเธฐเนเธเธงเธญเธฒเธเธตเธเธญเธขเนเธฒเธเธขเธฑเนเธเธขเธทเธเนเธฅเธฐเน€เธเนเธเธฃเธฐเธเธ '), (1, 'เธเธ'), (2, 0), (6, 0), (10, 0), (14, 0), (18, 0)]
Row 98: [(0, '(เธเธฑเธเนเธเธฐเนเธเธง)')]
Row 99: [(0, '            4) เธเธฑเธ’เธเธฒเธเธฒเธฃเธเธฑเธ”เธเธฃเธฐเน€เธ เธ—เธกเธฒเธ•เธฃเธเธฒเธเธญเธฒเธเธตเธเนเธฅเธฐเธกเธฒเธ•เธฃเธเธฒเธเธญเธธเธ•เธชเธฒเธซเธเธฃเธฃเธก (เธเธฃเธฐเน€เธ—เธจเนเธ—เธข)'), (1, 'เธญเธฒเธเธตเธ'), (2, 0), (6, 0), (10, 0), (14, 0), (18, 0)]
Row 100: [(0, '7.3 เธเธดเธเธเธฃเธฃเธกเธซเธฅเธฑเธเธ—เธตเน 3 : เธชเนเธเน€เธชเธฃเธดเธกเธเธฒเธฃเธเธฃเธฐเธเธญเธเธญเธฒเธเธตเธ (7.3.1 เน€เธเนเธเน€เธเนเธฒเธซเธกเธฒเธขเธเธดเธเธเธฃเธฃเธก)'), (1, 'เธเธ'), (2, 0), (3, 0), (4, 0), (5, 0), (6, 0), (7, 0), (8, 0), (9, 0), (10, 0), (11, 0), (12, 0), (13, 0), (14, 0), (15, 0), (16, 0), (17, 0), (18, 0)]
Row 101: [(0, '     7.3.1 เธเธดเธเธเธฃเธฃเธกเธ•เนเธญเธขเธญเธ” Soft Power เธชเธนเนเธเธฒเธฃเธชเธฃเนเธฒเธเธญเธฒเธเธตเธเธญเธดเธชเธฃเธฐ '), (1, 'เธเธ'), (2, 0), (3, 0), (4, 0), (5, 0), (6, 0), (7, 0), (8, 0), (9, 0), (10, 0), (11, 0), (12, 0), (13, 0), (14, 0), (15, 0), (16, 0), (17, 0), (18, 0)]
Row 102: [(0, '(เธเนเธญ 1) - 2) เน€เธเนเธเน€เธเนเธฒเธซเธกเธฒเธขเธเธดเธเธเธฃเธฃเธก)')]
Row 103: [(0, '            1) เน€เธเธดเนเธกเธญเธฒเธเธตเธ เน€เธเธดเนเธกเธฃเธฒเธขเนเธ”เน'), (1, 'เธเธ'), (2, 0), (6, 0), (10, 0), (14, 0), (18, 0)]
Row 104: [(0, '            2) เธชเนเธเน€เธชเธฃเธดเธกเธเธฒเธฃเธฃเธฑเธเธเธฒเธเนเธเธ—เธณเธ—เธตเนเธเนเธฒเธ'), (1, 'เธเธ'), (2, 0), (6, 0), (10, 0), (14, 0), (18, 0)]
Row 105: [(0, '      7.3.2 เธเธดเธเธเธฃเธฃเธกเน€เธเธดเนเธกเธจเธฑเธเธขเธ เธฒเธเธเธฒเธฃเธเธฃเธดเธซเธฒเธฃเธเธญเธเธ—เธธเธเน€เธเธทเนเธญเธเธนเนเธฃเธฑเธเธเธฒเธเนเธเธ—เธณเธ—เธตเนเธเนเธฒเธ'), (1, 'เธเธฃเธฑเนเธ'), (2, 0), (6, 0), (10, 0), (14, 0), (18, 0)]
Row 106: [(0, '8. เนเธเธฃเธเธเธฒเธฃเธเธฃเธดเธเธฒเธฃเธเธฑเธ”เธซเธฒเธเธฒเธเนเธฅเธฐเธญเธฒเธเธตเธ (8.1 - 8.4 เน€เธเนเธเน€เธเนเธฒเธซเธกเธฒเธขเนเธเธฃเธเธเธฒเธฃ)'), (1, 'เธเธ'), (2, 0), (3, 0), (4, 0), (5, 0), (6, 0), (7, 0), (8, 0), (9, 0), (10, 0), (11, 0), (12, 0), (13, 0), (14, 0), (15, 0), (16, 0), (17, 0), (18, 0)]
Row 107: [(0, '8.1 เธเธดเธเธเธฃเธฃเธกเธซเธฅเธฑเธเธ—เธตเน 1 : เธเธฒเธฃเนเธซเนเธเธฃเธดเธเธฒเธฃเธเธฑเธ”เธซเธฒเธเธฒเธเนเธเธเธฃเธฐเน€เธ—เธจ  '), (1, 'เธเธ'), (2, 0), (3, 0), (4, 0), (5, 0), (6, 0), (7, 0), (8, 0), (9, 0), (10, 0), (11, 0), (12, 0), (13, 0), (14, 0), (15, 0), (16, 0), (17, 0), (18, 0)]
Row 108: [(0, '(8.1.1 - 8.1.2 เน€เธเนเธเน€เธเนเธฒเธซเธกเธฒเธขเธเธดเธเธเธฃเธฃเธก)')]
Row 109: [(0, '      8.1.1 เธเธดเธเธเธฃเธฃเธกเธเธฃเธดเธเธฒเธฃเธเธฑเธ”เธซเธฒเธเธฒเธเนเธซเนเธเธฃเธฐเธเธฒเธเธเธ—เธฑเนเธงเนเธ (เธเนเธญ 1) - 3) เน€เธเนเธเน€เธเนเธฒเธซเธกเธฒเธขเธเธดเธเธเธฃเธฃเธก)'), (1, 'เธเธ'), (2, 0), (3, 0), (4, 0), (5, 0), (6, 0), (7, 0), (8, 0), (9, 0), (10, 0), (11, 0), (12, 0), (13, 0), (14, 0), (15, 0), (16, 0), (17, 0), (18, 0)]
Row 110: [(0, '             1) เนเธซเนเธเธฃเธดเธเธฒเธฃเธเธฑเธ”เธซเธฒเธเธฒเธเธเธญเธเธจเธนเธเธขเนเธเธฃเธดเธเธฒเธฃเธเธฑเธ”เธซเธฒเธเธฒเธเน€เธเธทเนเธญเธเธเนเธ—เธข'), (1, 'เธเธ'), (2, 0), (6, 0), (10, 0), (14, 0), (18, 0)]
Row 111: [(0, '             2) เนเธซเนเธเธฃเธดเธเธฒเธฃเธเธฑเธ”เธซเธฒเธเธฒเธเธเนเธฒเธเธฃเธฐเธเธเธญเธดเธเน€เธ•เธญเธฃเนเน€เธเนเธ•'), (1, 'เธเธ'), (2, 0), (6, 0), (10, 0), (14, 0), (18, 0)]
Row 112: [(0, '             3) เธเธฑเธ”เธซเธฒเธเธฒเธเนเธซเนเธ—เธซเธฒเธฃเธเนเธญเธเธเธฅเธ”เธเธฃเธฐเธเธณเธเธฒเธฃ'), (1, 'เธเธ'), (2, 0), (6, 0), (10, 0), (14, 0), (18, 0)]
Row 113: [(0, '             4) เธชเธเธฑเธเธชเธเธธเธเนเธฅเธฐเธชเนเธเน€เธชเธฃเธดเธกเน€เธเธทเนเธญเน€เธเธดเนเธกเธเธฒเธฃเธเนเธฒเธเธเธฒเธ (เธเนเธฒเธเน€เธซเธกเธฒเธ.เธ•เธฃเธต)'), (1, 'เธเธ'), (2, 0), (6, 0), (10, 0), (14, 0), (18, 0)]
Row 114: [(0, '     8.1.2 เธเธดเธเธเธฃเธฃเธกเธขเธเธฃเธฐเธ”เธฑเธเธเธฒเธฃเนเธซเนเธเธฃเธดเธเธฒเธฃเธเธฑเธ”เธซเธฒเธเธฒเธ (เธเนเธญ 1) - 2) เน€เธเนเธเน€เธเนเธฒเธซเธกเธฒเธขเธเธดเธเธเธฃเธฃเธก)'), (1, 'เธเธ'), (2, 0), (3, 0), (4, 0), (5, 0), (6, 0), (7, 0), (8, 0), (9, 0), (10, 0), (11, 0), (12, 0), (13, 0), (14, 0), (15, 0), (16, 0), (17, 0), (18, 0)]
Row 115: [(0, '             1) เธเธฑเธ”เธซเธฒเธเธฒเธเน€เธเธดเธเธฃเธธเธเน€เธเธทเนเธญเธเธฒเธฃเธกเธตเธเธฒเธเธ—เธณเธญเธขเนเธฒเธเธขเธฑเนเธเธขเธทเธ'), (1, 'เธเธ'), (2, 0), (6, 0), (10, 0), (14, 0), (18, 0)]
Row 116: [(0, '             2) เธเธฑเธ”เธซเธฒเธเธฒเธเน€เธเธทเนเธญเธขเธเธฃเธฐเธ”เธฑเธเธเธธเธ“เธ เธฒเธเธเธตเธงเธดเธ• (เธเธฑเธ’เธเธฒเธฃเธฐเธเธเธเธฃเธดเธเธฒเธฃเธเธฑเธ”เธซเธฒเธเธฒเธ)'), (1, 'เธเธ'), (2, 0), (6, 0), (10, 0), (14, 0), (18, 0)]
Row 117: [(1, 'เนเธซเนเธ'), (2, 0), (6, 0), (10, 0), (14, 0), (18, 0)]
Row 118: [(0, '             3) เธเธฑเธ’เธเธฒเธเธฑเธเธเธฑเธ”เธซเธฒเธเธฒเธเน€เธเธทเนเธญเน€เธเธดเนเธกเธเธฃเธฐเธชเธดเธ—เธเธดเธ เธฒเธเธเธฒเธฃเธเนเธฒเธเธเธฒเธเนเธฃเธเธเธฒเธเธ—เธตเนเธกเธตเธ—เธฑเธเธฉเธฐ'), (1, 'เธเธ'), (2, 0), (6, 0), (10, 0), (14, 0), (18, 0)]
Row 119: [(0, '8.2 เธเธดเธเธเธฃเธฃเธกเธซเธฅเธฑเธเธ—เธตเน 2 : เธเธฃเธดเธเธฒเธฃเธเธฑเธ”เธซเธฒเธเธฒเธเนเธซเนเธเธฑเธเน€เธฃเธตเธขเธ เธเธฑเธเธจเธถเธเธฉเธฒ '), (1, 'เธเธ'), (2, 0), (3, 0), (4, 0), (5, 0), (6, 0), (7, 0), (8, 0), (9, 0), (10, 0), (11, 0), (12, 0), (13, 0), (14, 0), (15, 0), (16, 0), (17, 0), (18, 0)]
Row 120: [(0, '(8.2.1 - 8.2.3 เน€เธเนเธเน€เธเนเธฒเธซเธกเธฒเธขเธเธดเธเธเธฃเธฃเธก)')]
Row 121: [(0, '     8.2.1 เธเธดเธเธเธฃเธฃเธก 3 เธก. (เธกเธตเธเธฒเธ เธกเธตเน€เธเธดเธ เธกเธตเธงเธธเธ’เธดเธเธฒเธฃเธจเธถเธเธฉเธฒเน€เธเธดเนเธก)'), (1, 'เธเธ'), (2, 0), (6, 0), (10, 0), (14, 0), (18, 0)]
Row 122: [(0, '     8.2.2 เธเธดเธเธเธฃเธฃเธกเธชเนเธเน€เธชเธฃเธดเธกเธเธฒเธฃเธกเธตเธเธฒเธเธ—เธณเนเธซเนเธเธฑเธเน€เธฃเธตเธขเธ เธเธฑเธเธจเธถเธเธฉเธฒ เธเนเธงเธเธงเนเธฒเธเธเธฒเธเธเธฒเธฃเน€เธฃเธตเธขเธ'), (1, 'เธเธ'), (2, 0), (6, 0), (10, 0), (14, 0), (18, 0)]
Row 123: [(0, '     8.2.3 เธเธดเธเธเธฃเธฃเธกเธเธนเธฃเธ“เธฒเธเธฒเธฃเธเธงเธฒเธกเธฃเนเธงเธกเธกเธทเธญเธฃเธฐเธซเธงเนเธฒเธเธชเธ–เธฒเธเธฑเธเธเธฒเธฃเธจเธถเธเธฉเธฒเน€เธเธทเนเธญเธเธฑเธ’เธเธฒเธจเธฑเธเธขเธ เธฒเธ'), (1, 'เธเธ'), (2, 0), (6, 0), (10, 0), (14, 0), (18, 0)]
Row 124: [(0, 'เธเธณเธฅเธฑเธเนเธฃเธเธเธฒเธเธชเธนเนเธเธฒเธฃเธกเธตเธเธฒเธเธ—เธณเนเธเธ•เนเธฒเธเธเธฃเธฐเน€เธ—เธจ')]
Row 125: [(0, '8.3 เธเธดเธเธเธฃเธฃเธกเธซเธฅเธฑเธเธ—เธตเน 3 : เธชเธฃเนเธฒเธเธเธฒเธ เน€เธชเธฃเธดเธกเธญเธฒเธเธตเธ (8.3.1 -8.3.2 เน€เธเนเธเน€เธเนเธฒเธซเธกเธฒเธขเธเธดเธเธเธฃเธฃเธก)'), (1, 'เธเธ'), (2, 0), (3, 0), (4, 0), (5, 0), (6, 0), (7, 0), (8, 0), (9, 0), (10, 0), (11, 0), (12, 0), (13, 0), (14, 0), (15, 0), (16, 0), (17, 0), (18, 0)]
Row 126: [(0, '     8.3.1 เธเธดเธเธเธฃเธฃเธกเธชเธฃเนเธฒเธเธเธฒเธ เน€เธชเธฃเธดเธกเธญเธฒเธเธตเธ Job Expo Thailand'), (1, 'เธเธ'), (2, 0), (6, 0), (10, 0), (14, 0), (18, 0)]
Row 127: [(0, '     8.3.2 เธเธดเธเธเธฃเธฃเธกเธชเธฃเนเธฒเธเธเธฒเธเนเธฅเธฐเน€เธชเนเธเธ—เธฒเธเธชเธนเนเธญเธฒเธเธตเธ Job Fair '), (1, 'เธเธ'), (2, 0), (3, 0), (4, 0), (5, 0), (6, 0), (7, 0), (8, 0), (9, 0), (10, 0), (11, 0), (12, 0), (13, 0), (14, 0), (15, 0), (16, 0), (17, 0), (18, 0)]
Row 128: [(0, '(เธเนเธญ 1) - 2) เน€เธเนเธเน€เธเนเธฒเธซเธกเธฒเธขเธเธดเธเธเธฃเธฃเธก)')]
Row 129: [(0, '            1) เน€เธเธดเธ”เนเธฅเธเธ—เธฑเธจเธเนเน€เธชเนเธเธ—เธฒเธเธชเธนเนเธญเธฒเธเธตเธ'), (1, 'เธเธ'), (2, 0), (6, 0), (10, 0), (14, 0), (18, 0)]
Row 130: [(0, '            2) เธเธฑเธ”เธเธเนเธฃเธเธเธฒเธ  '), (1, 'เธเธ'), (2, 0), (6, 0), (10, 0), (14, 0), (18, 0)]
Row 131: [(0, '8.4 เธเธดเธเธเธฃเธฃเธกเธซเธฅเธฑเธเธ—เธตเน 4 : เธเธฒเธฃเนเธซเนเธเธฃเธดเธเธฒเธฃเธเธฑเธ”เธซเธฒเธเธฒเธเธ•เนเธฒเธเธเธฃเธฐเน€เธ—เธจ'), (1, 'เธเธ'), (2, 0), (3, 0), (4, 0), (5, 0), (6, 0), (7, 0), (8, 0), (9, 0), (10, 0), (11, 0), (12, 0), (13, 0), (14, 0), (15, 0), (16, 0), (17, 0), (18, 0)]
Row 132: [(0, ' (เธเนเธญ 8.4.1 เน€เธเนเธเน€เธเนเธฒเธซเธกเธฒเธขเธเธดเธเธเธฃเธฃเธก)')]
Row 133: [(0, '      8.4.1 เธเธดเธเธเธฃเธฃเธกเนเธซเนเธเธฃเธดเธเธฒเธฃเธเธฑเธ”เธซเธฒเธเธฒเธเน€เธเธทเนเธญเนเธเธ—เธณเธเธฒเธเธ•เนเธฒเธเธเธฃเธฐเน€เธ—เธจ '), (1, 'เธเธ'), (2, 0), (3, 0), (4, 0), (5, 0), (6, 0), (7, 0), (8, 0), (9, 0), (10, 0), (11, 0), (12, 0), (13, 0), (14, 0), (15, 0), (16, 0), (17, 0), (18, 0)]
Row 134: [(0, '(เธเนเธญ 1) เน€เธเนเธเน€เธเนเธฒเธซเธกเธฒเธขเธเธดเธเธเธฃเธฃเธก)')]
Row 135: [(0, '            1) เธเธดเธเธเธฃเธฃเธกเธเธดเธเธฒเธฃเธ“เธฒ/เธญเธเธธเธเธฒเธ•/เธฃเธฑเธเนเธเนเธเธเธฒเธฃเน€เธ”เธดเธเธ—เธฒเธเนเธเธ—เธณเธเธฒเธเธ•เนเธฒเธเธเธฃเธฐเน€เธ—เธจ '), (1, 'เธเธ'), (2, 0), (3, 0), (4, 0), (5, 0), (6, 0), (7, 0), (8, 0), (9, 0), (10, 0), (11, 0), (12, 0), (13, 0), (14, 0), (15, 0), (16, 0), (17, 0), (18, 0)]
Row 136: [(0, '(เธเนเธญ (1) - (5) เน€เธเนเธเน€เธเนเธฒเธซเธกเธฒเธข)')]
Row 137: [(0, '                 (1) เธเธฃเธกเธเธฒเธฃเธเธฑเธ”เธซเธฒเธเธฒเธเธเธฑเธ”เธชเนเธ'), (1, 'เธเธ'), (2, 0), (6, 0), (10, 0), (14, 0), (18, 0)]
Row 138: [(0, '                 (2) เธเธฃเธดเธฉเธฑเธ—เธเธฑเธ”เธซเธฒเธเธฒเธเธเธฑเธ”เธชเนเธ'), (1, 'เธเธ'), (2, 0), (6, 0), (10, 0), (14, 0), (18, 0)]
Row 139: [(0, '                 (3) เธเธฒเธขเธเนเธฒเธเธเธฒเธฅเธนเธเธเนเธฒเธเนเธเธ—เธณเธเธฒเธ'), (1, 'เธเธ'), (2, 0), (6, 0), (10, 0), (14, 0), (18, 0)]
Row 140: [(0, '                 (4) เธเธฒเธขเธเนเธฒเธเธชเนเธเธฅเธนเธเธเนเธฒเธเนเธเธเธถเธเธเธฒเธเธ•เนเธฒเธเธเธฃเธฐเน€เธ—เธจ'), (1, 'เธเธ'), (2, 0), (6, 0), (10, 0), (14, 0), (18, 0)]
Row 141: [(0, '                 (5) เธเธฒเธฃเนเธเนเธเธเธฒเธฃเน€เธ”เธดเธเธ—เธฒเธเธ”เนเธงเธขเธ•เธเน€เธญเธเนเธฅเธฐเธเธฒเธฃเนเธเนเธเธเธฒเธฃเน€เธ”เธดเธเธ—เธฒเธเธเธฅเธฑเธ'), (1, 'เธเธ'), (2, 0), (6, 0), (10, 0), (14, 0), (18, 0)]
Row 142: [(0, 'เนเธเธ—เธณเธเธฒเธเธ•เนเธฒเธเธเธฃเธฐเน€เธ—เธจ')]
Row 143: [(0, '     8.4.2 เธเธดเธเธเธฃเธฃเธกเธจเธนเธเธขเนเธเธฃเธฐเธชเธฒเธเธเธฃเธดเธเธฒเธฃเธเธฒเธฃเนเธเธ—เธณเธเธฒเธเธ•เนเธฒเธเธเธฃเธฐเน€เธ—เธจเนเธเธชเนเธงเธเธ เธนเธกเธดเธ เธฒเธ'), (1, 'เนเธซเนเธ'), (2, 0), (6, 0), (10, 0), (14, 0), (18, 0)]
Row 144: [(0, '     8.4.3 เธเธดเธเธเธฃเธฃเธกเธชเนเธเน€เธชเธฃเธดเธกเธเธฒเธฃเธเนเธฒเธเนเธฃเธเธเธฒเธเนเธ—เธขเธ—เธณเธเธฒเธเธเธฑเนเธงเธเธฃเธฒเธงเนเธเธ เธฒเธเธ•เธฅเธฒเธ”เนเธฃเธเธเธฒเธ'), (1, 'เธเธ'), (2, 0), (6, 0), (10, 0), (14, 0), (18, 0)]
Row 145: [(0, 'เน€เธเธเธฒเธฐเนเธเธฃเธฑเธเธญเธดเธชเธฃเธฒเน€เธญเธฅเธ เธฒเธขเนเธ•เนเนเธเธฃเธเธเธฒเธฃเธเธงเธฒเธกเธฃเนเธงเธกเธกเธทเธญเนเธ—เธข - เธญเธดเธชเธฃเธฒเน€เธญเธฅเน€เธเธทเนเธญเธเธฒเธฃเธเธฑเธ”เธซเธฒเธเธฒเธ')]
Row 146: [(0, '(Thailand-Israel Cooperation on the Placement of Workers : TIC)')]
Row 147: [(0, '     8.4.4 เธเธดเธเธเธฃเธฃเธกเธชเนเธเน€เธชเธฃเธดเธกเนเธญเธเธฒเธชเนเธฃเธเธเธฒเธเนเธ—เธขเนเธเธ—เธณเธเธฒเธเธ•เนเธฒเธเธเธฃเธฐเน€เธ—เธจ'), (1, 'เธเธฃเธฐเน€เธ—เธจ'), (2, 0), (6, 0), (10, 0), (14, 0), (18, 0)]
Row 148: [(0, '     8.4.5 เธเธดเธเธเธฃเธฃเธกเธเธฑเธ’เธเธฒเธจเธฑเธเธขเธ เธฒเธเนเธฃเธเธเธฒเธเนเธ—เธขเนเธเธ—เธณเธเธฒเธเธ•เนเธฒเธเธเธฃเธฐเน€เธ—เธจ '), (1, 'เธเธ'), (2, 0), (3, 0), (4, 0), (5, 0), (6, 0), (7, 0), (8, 0), (9, 0), (10, 0), (11, 0), (12, 0), (13, 0), (14, 0), (15, 0), (16, 0), (17, 0), (18, 0)]
Row 149: [(0, '(เธเนเธญ 1) - 2) เน€เธเนเธเน€เธเนเธฒเธซเธกเธฒเธขเธเธดเธเธเธฃเธฃเธก)')]
Row 150: [(0, '            1) เธเธฑเธ’เธเธฒเธจเธฑเธเธขเธ เธฒเธเธเธเธซเธฒเธเธฒเธเน€เธเธทเนเธญเธเธฒเธฃเนเธเนเธเธเธฑเธเนเธเธ—เธณเธเธฒเธเธชเธฒเธเธฒเธฃเธ“เธฃเธฑเธเน€เธเธฒเธซเธฅเธต '), (1, 'เธเธ'), (2, 0), (6, 0), (10, 0), (14, 0), (18, 0)]
Row 151: [(0, '            2) เน€เธเธดเนเธกเธจเธฑเธเธขเธ เธฒเธเธ—เธฑเธเธฉเธฐเธ เธฒเธฉเธฒเธเธตเนเธเธธเนเธเน€เธเธทเนเธญเธเธฒเธฃเธ—เธณเธเธฒเธเนเธเธ•เนเธฒเธเธเธฃเธฐเน€เธ—เธจ'), (1, 'เธเธ'), (2, 0), (6, 0), (10, 0), (14, 0), (18, 0)]
Row 152: [(0, '     8.4.6 เธเธดเธเธเธฃเธฃเธกเธเธฑเธเน€เธเธฅเธทเนเธญเธเธเธฒเธฃเธ”เธณเน€เธเธดเธเธเธฒเธฃเธเธฑเธ”เธชเนเธเนเธฃเธเธเธฒเธเนเธ—เธขเนเธเธ—เธณเธเธฒเธเธ•เนเธฒเธเธเธฃเธฐเน€เธ—เธจ '), (1, 'เธเธฃเธฑเนเธ'), (2, 0), (3, 0), (4, 0), (5, 0), (6, 0), (7, 0), (8, 0), (9, 0), (10, 0), (11, 0), (12, 0), (13, 0), (14, 0), (15, 0), (16, 0), (17, 0), (18, 0)]
Row 153: [(0, '(เธเนเธญ 1) เน€เธเนเธเน€เธเนเธฒเธซเธกเธฒเธขเธเธดเธเธเธฃเธฃเธก)')]
Row 154: [(0, '            1) เธเธฑเธ”เธเธฃเธฐเธเธธเธกเธเธฃเธดเธฉเธฑเธ—เธเธฑเธ”เธซเธฒเธเธฒเธเนเธซเนเธเธเธซเธฒเธเธฒเธเน€เธเธทเนเธญเนเธเธ—เธณเธเธฒเธเนเธเธ•เนเธฒเธเธเธฃเธฐเน€เธ—เธจ'), (1, 'เธเธฃเธฑเนเธ'), (2, 0), (6, 0), (10, 0), (14, 0), (18, 0)]
Row 155: [(1, 'เธเธ'), (2, 0), (6, 0), (10, 0), (14, 0), (18, 0)]
Row 156: [(0, '9. เนเธเธฃเธเธเธฒเธฃเธชเธฃเนเธฒเธเธเธฒเธ เธชเธฃเนเธฒเธเธญเธฒเธเธตเธ เนเธซเนเธเธฅเธธเนเธกเน€เธเธฃเธฒเธฐเธเธฒเธ (9.1 - 9.3 เน€เธเนเธเน€เธเนเธฒเธซเธกเธฒเธขเนเธเธฃเธเธเธฒเธฃ)'), (1, 'เธเธ'), (2, 0), (3, 0), (4, 0), (5, 0), (6, 0), (7, 0), (8, 0), (9, 0), (10, 0), (11, 0), (12, 0), (13, 0), (14, 0), (15, 0), (16, 0), (17, 0), (18, 0)]
Row 157: [(0, '9.1 เธเธดเธเธเธฃเธฃเธกเธซเธฅเธฑเธเธ—เธตเน 1 : เธชเนเธเน€เธชเธฃเธดเธกเนเธซเนเธเธนเนเธชเธนเธเธญเธฒเธขเธธเธกเธตเธเธฒเธเธ—เธณ เธกเธตเธญเธฒเธเธตเธ '), (1, 'เธเธ'), (2, 0), (3, 0), (4, 0), (5, 0), (6, 0), (7, 0), (8, 0), (9, 0), (10, 0), (11, 0), (12, 0), (13, 0), (14, 0), (15, 0), (16, 0), (17, 0), (18, 0)]
Row 158: [(0, ' (9.1.1 - 9.1.2 เน€เธเนเธเน€เธเนเธฒเธซเธกเธฒเธขเธเธดเธเธเธฃเธฃเธก)')]
Row 159: [(0, '     9.1.1 เธเธดเธเธเธฃเธฃเธกเธชเนเธเน€เธชเธฃเธดเธกเธเธฒเธฃเธเนเธฒเธเธเธฒเธเธเธนเนเธชเธนเธเธญเธฒเธขเธธ (เธเนเธญ 1) - 2) เน€เธเนเธเน€เธเนเธฒเธซเธกเธฒเธขเธเธดเธเธเธฃเธฃเธก)'), (1, 'เธเธ'), (2, 0), (3, 0), (4, 0), (5, 0), (6, 0), (7, 0), (8, 0), (9, 0), (10, 0), (11, 0), (12, 0), (13, 0), (14, 0), (15, 0), (16, 0), (17, 0), (18, 0)]
Row 160: [(0, '            1) เธเธฑเธ”เธซเธฒเธเธฒเธเนเธซเนเธเธนเนเธชเธนเธเธญเธฒเธขเธธ (เธเนเธญ (1) - (2) เน€เธเนเธเน€เธเนเธฒเธซเธกเธฒเธข)'), (1, 'เธเธ'), (2, 0), (3, 0), (4, 0), (5, 0), (6, 0), (7, 0), (8, 0), (9, 0), (10, 0), (11, 0), (12, 0), (13, 0), (14, 0), (15, 0), (16, 0), (17, 0), (18, 0)]
Row 161: [(0, '                (1) เธเธฑเธ”เธซเธฒเธเธฒเธเนเธซเนเธเธนเนเธชเธนเธเธญเธฒเธขเธธ'), (1, 'เธเธ'), (2, 0), (6, 0), (10, 0), (14, 0), (18, 0)]
Row 162: [(0, '                (2) เธชเธณเธฃเธงเธเธเธงเธฒเธกเธ•เนเธญเธเธเธฒเธฃเธ—เธณเธเธฒเธเธเธญเธเธเธนเนเธชเธนเธเธญเธฒเธขเธธ'), (1, 'เธเธ'), (2, 0), (6, 0), (10, 0), (14, 0), (18, 0)]
Row 163: [(0, '            2) เธเนเธฒเธเธเธฒเธเธเธนเนเธชเธนเธเธญเธฒเธขเธธเธ—เธณเธเธฒเธเนเธเธ เธฒเธเธฃเธฑเธ'), (1, 'เธเธ'), (2, 0), (6, 0), (10, 0), (14, 0), (18, 0)]
Row 164: [(0, '     9.1.2 เธเธดเธเธเธฃเธฃเธกเธชเนเธเน€เธชเธฃเธดเธกเธเธฒเธฃเธเธฃเธฐเธเธญเธเธญเธฒเธเธตเธเนเธซเนเธเธนเนเธชเธนเธเธญเธฒเธขเธธ'), (1, 'เธเธ'), (2, 0), (3, 0), (4, 0), (5, 0), (6, 0), (7, 0), (8, 0), (9, 0), (10, 0), (11, 0), (12, 0), (13, 0), (14, 0), (15, 0), (16, 0), (17, 0), (18, 0)]
Row 165: [(0, '            1) เธชเนเธเน€เธชเธฃเธดเธกเธเธฒเธฃเธเธฃเธฐเธเธญเธเธญเธฒเธเธตเธเธญเธดเธชเธฃเธฐเนเธซเนเธเธนเนเธชเธเธญเธฒเธขเธธ'), (1, 'เธเธ'), (2, 0), (6, 0), (10, 0), (14, 0), (18, 0)]
Row 166: [(0, '9.2 เธเธดเธเธเธฃเธฃเธกเธซเธฅเธฑเธเธ—เธตเน 2 : เธเธฑเธ”เธซเธฒเธเธฒเธเนเธซเนเธเธเธเธดเธเธฒเธฃเธกเธตเธเธฒเธเธ—เธณ'), (1, 'เธเธ'), (2, 0), (3, 0), (4, 0), (5, 0), (6, 0), (7, 0), (8, 0), (9, 0), (10, 0), (11, 0), (12, 0), (13, 0), (14, 0), (15, 0), (16, 0), (17, 0), (18, 0)]
Row 167: [(0, '     9.2.1 เธเธดเธเธเธฃเธฃเธกเธเธฑเธ”เธซเธฒเธเธฒเธเนเธซเนเธเธเธเธดเธเธฒเธฃเธกเธตเธเธฒเธเธ—เธณ (เธเนเธญ 1) - 3) เน€เธเนเธเน€เธเนเธฒเธซเธกเธฒเธขเธเธดเธเธเธฃเธฃเธก)'), (1, 'เธเธ'), (2, 0), (3, 0), (4, 0), (5, 0), (6, 0), (7, 0), (8, 0), (9, 0), (10, 0), (11, 0), (12, 0), (13, 0), (14, 0), (15, 0), (16, 0), (17, 0), (18, 0)]
Row 168: [(0, '            1) เธเธฑเธ”เธซเธฒเธเธฒเธเนเธซเนเธเธเธเธดเธเธฒเธฃเธกเธตเธเธฒเธเธ—เธณ'), (1, 'เธเธ'), (2, 0), (6, 0), (10, 0), (14, 0), (18, 0)]
Row 169: [(0, '            2) เธชเนเธเน€เธชเธฃเธดเธกเธเธเธเธดเธเธฒเธฃเธ—เธณเธเธฒเธเนเธเธซเธเนเธงเธขเธเธฒเธเธ เธฒเธเธฃเธฑเธ'), (1, 'เธเธ'), (2, 0), (6, 0), (10, 0), (14, 0), (18, 0)]
Row 170: [(0, '            3) เธชเนเธเน€เธชเธฃเธดเธกเนเธซเนเธเธเธเธดเธเธฒเธฃเธซเธฃเธทเธญเธเธนเนเธ”เธนเนเธฅเธเธเธเธดเธเธฒเธฃเนเธ”เนเธฃเธฑเธเธชเธดเธ—เธเธดเธ•เธฒเธกเธกเธฒเธ•เธฃเธฒ 35'), (1, 'เธเธ'), (2, 0), (6, 0), (10, 0), (14, 0), (18, 0)]
Row 171: [(0, '9.3 เธเธดเธเธเธฃเธฃเธกเธซเธฅเธฑเธเธ—เธตเน 3 : เธเธฑเธ”เธซเธฒเธเธฒเธเนเธซเนเธเธนเนเธเนเธเนเธ—เธฉ '), (1, 'เธเธ'), (2, 0), (3, 0), (4, 0), (5, 0), (6, 0), (7, 0), (8, 0), (9, 0), (10, 0), (11, 0), (12, 0), (13, 0), (14, 0), (15, 0), (16, 0), (17, 0), (18, 0)]
Row 172: [(0, '      9.3.1 เธเธดเธเธเธฃเธฃเธกเธชเธฃเนเธฒเธเนเธญเธเธฒเธชเธเธฒเธฃเธเนเธฒเธเธเธฒเธเธชเธนเนเธชเธฑเธเธเธก'), (1, 'เธเธ'), (2, 0), (6, 0), (10, 0), (14, 0), (18, 0)]
Row 173: [(0, '10. เนเธเธฃเธเธเธฒเธฃเธญเธญเธเนเธเธญเธเธธเธเธฒเธ•เธ—เธณเธเธฒเธเธ•เธฒเธกเธเธเธซเธกเธฒเธขเธงเนเธฒเธ”เนเธงเธขเธเธฒเธฃเธชเนเธเน€เธชเธฃเธดเธกเธเธฒเธฃเธฅเธเธ—เธธเธ'), (1, 'เธเธ'), (2, 0), (3, 0), (4, 0), (5, 0), (6, 0), (7, 0), (8, 0), (9, 0), (10, 0), (11, 0), (12, 0), (13, 0), (14, 0), (15, 0), (16, 0), (17, 0), (18, 0)]
Row 174: [(0, 'เธซเธฃเธทเธญเธเธเธซเธกเธฒเธขเธญเธทเนเธเน€เธเธทเนเธญเธเธฒเธฃเธเธฑเธ’เธเธฒเน€เธจเธฃเธฉเธเธเธดเธเธเธญเธเธเธฃเธฐเน€เธ—เธจ')]
Row 175: [(0, '10.1 เธเธดเธเธเธฃเธฃเธกเธซเธฅเธฑเธ : เธญเธญเธเนเธเธญเธเธธเธเธฒเธ•เธ—เธณเธเธฒเธเธ•เธฒเธกเธเธเธซเธกเธฒเธขเธงเนเธฒเธ”เนเธงเธขเธเธฒเธฃเธชเนเธเน€เธชเธฃเธดเธกเธเธฒเธฃเธฅเธเธ—เธธเธ'), (1, 'เธเธ'), (2, 0), (3, 0), (4, 0), (5, 0), (6, 0), (7, 0), (8, 0), (9, 0), (10, 0), (11, 0), (12, 0), (13, 0), (14, 0), (15, 0), (16, 0), (17, 0), (18, 0)]
Row 176: [(0, 'เธซเธฃเธทเธญเธเธเธซเธกเธฒเธขเธญเธทเนเธเน€เธเธทเนเธญเธเธฒเธฃเธเธฑเธ’เธเธฒเน€เธจเธฃเธฉเธเธเธดเธเธเธญเธเธเธฃเธฐเน€เธ—เธจ')]
Row 177: [(0, '      10.1.1 เธเธดเธเธเธฃเธฃเธกเธญเธญเธเนเธเธญเธเธธเธเธฒเธ•เธ—เธณเธเธฒเธเธ•เธฒเธกเธเธเธซเธกเธฒเธขเธงเนเธฒเธ”เนเธงเธขเธเธฒเธฃเธชเนเธเน€เธชเธฃเธดเธกเธเธฒเธฃเธฅเธเธ—เธธเธ'), (1, 'เธเธ'), (2, 0), (6, 0), (10, 0), (14, 0), (18, 0)]
Row 178: [(0, 'เธซเธฃเธทเธญเธเธเธซเธกเธฒเธขเธญเธทเนเธเน€เธเธทเนเธญเธเธฒเธฃเธเธฑเธ’เธเธฒเน€เธจเธฃเธฉเธเธเธดเธเธเธญเธเธเธฃเธฐเน€เธ—เธจ'), (1, 'เธเธฃเธฑเนเธ'), (2, 0), (6, 0), (10, 0), (14, 0), (18, 0)]
Row 179: [(0, 'เนเธเธเธเธฒเธเธขเธธเธ—เธเธจเธฒเธชเธ•เธฃเนเธเธฑเธ’เธเธฒเธเธฃเธดเธเธฒเธฃเธเธฃเธฐเธเธฒเธเธเนเธฅเธฐเธเธฒเธฃเธเธฑเธ’เธเธฒเธเธฃเธฐเธชเธดเธ—เธเธดเธ เธฒเธเธ เธฒเธเธฃเธฑเธ')]
Row 180: [(0, '11. เนเธเธฃเธเธเธฒเธฃเธเธฑเธ’เธเธฒเธฃเธฐเธเธเนเธฅเธฐเธเธฒเธฃเธเธฃเธดเธซเธฒเธฃเธเธฑเธ”เธเธฒเธฃเธ เธฒเธเธฃเธฑเธ (12.1 เน€เธเนเธเน€เธเนเธฒเธซเธกเธฒเธขเนเธเธฃเธเธเธฒเธฃ)'), (1, 'เธฃเธฐเธเธ'), (2, 0), (3, 0), (4, 0), (5, 0), (6, 0), (7, 0), (8, 0), (9, 0), (10, 0), (11, 0), (12, 0), (13, 0), (14, 0), (15, 0), (16, 0), (17, 0), (18, 0)]
Row 181: [(0, '11.1 เธเธดเธเธเธฃเธฃเธกเธซเธฅเธฑเธเธ—เธตเน 1 : เธเธฒเธฃเธเธฑเธ’เธเธฒเธฃเธฐเธเธเธเธฒเธฃเนเธซเนเธเธฃเธดเธเธฒเธฃเนเธซเนเธ—เธฑเธเธชเธกเธฑเธข เธกเธตเธเธฃเธฐเธชเธดเธ—เธเธดเธ เธฒเธ'), (1, 'เธฃเธฐเธเธ'), (2, 0), (3, 0), (4, 0), (5, 0), (6, 0), (7, 0), (8, 0), (9, 0), (10, 0), (11, 0), (12, 0), (13, 0), (14, 0), (15, 0), (16, 0), (17, 0), (18, 0)]
Row 182: [(0, 'เธชเธนเนเธเธฒเธฃเน€เธเนเธเธฃเธฑเธเธเธฒเธฅเธ”เธดเธเธดเธ—เธฑเธฅ (12.1.1, 12.1.2 เนเธฅเธฐ 12.1.4 เน€เธเนเธเน€เธเนเธฒเธซเธกเธฒเธขเธเธดเธเธเธฃเธฃเธก)')]
Row 183: [(0, '       11.1.1 เธเธดเธเธเธฃเธฃเธกเน€เธเธดเนเธกเธเธฃเธฐเธชเธดเธ—เธเธดเธ เธฒเธเธฃเธฐเธเธเธเธฒเธฃเธเนเธฒเธเธเธฒเธเนเธฃเธเธเธฒเธเนเธ—เธขเธ—เธณเธเธฒเธเธเธฑเนเธงเธเธฃเธฒเธง'), (1, 'เธฃเธฐเธเธ'), (2, 0), (6, 0), (10, 0), (14, 0), (18, 0)]
Row 184: [(0, 'เนเธเธ เธฒเธเธ•เธฅเธฒเธ”เนเธฃเธเธเธฒเธเน€เธเธเธฒเธฐเนเธเธฃเธฑเธเธญเธดเธชเธฃเธฒเน€เธญเธฅเธ เธฒเธขเนเธ•เนเนเธเธฃเธเธเธฒเธฃเธเธงเธฒเธกเธฃเนเธงเธกเธกเธทเธญเนเธ—เธข-เธญเธดเธชเธฃเธฒเน€เธญเธฅ ')]
Row 185: [(0, 'เน€เธเธทเนเธญเธเธฒเธฃเธเธฑเธ”เธซเธฒเธเธฒเธ (Thailand-Israel Cooperation on the Placement of Workers: TIC)')]
Row 186: [(0, '       11.1.2 เธเธดเธเธเธฃเธฃเธกเน€เธเธดเนเธกเธเธฃเธฐเธชเธดเธ—เธเธดเธ เธฒเธเธฃเธฐเธเธเธเธถเนเธเธ—เธฐเน€เธเธตเธขเธเนเธฅเธฐเธฃเธฒเธขเธเธฒเธเธ•เธฑเธงเธเธนเนเธเธฃเธฐเธเธฑเธเธ•เธ'), (1, 'เธฃเธฐเธเธ'), (2, 0), (6, 0), (10, 0), (14, 0), (18, 0)]
Row 187: [(0, 'เธเธฃเธ“เธตเธงเนเธฒเธเธเธฒเธ')]
Row 188: [(0, '       11.1.3 เธเธดเธเธเธฃเธฃเธกเธเธฑเธ”เธซเธฒเธญเธธเธเธเธฃเธ“เนเธเธฃเธฐเธเธฒเธขเธชเธฑเธเธเธฒเธ“เน€เธเธฃเธทเธญเธเนเธฒเธขเธซเธฅเธฑเธเธ—เธ”เนเธ—เธเธญเธธเธเธเธฃเธ“เนเน€เธ”เธดเธก'), (1, 'เธเธธเธ”'), (2, 0), (6, 0), (10, 0), (14, 0), (18, 0)]
Row 189: [(0, 'เธ—เธตเนเน€เธชเธทเนเธญเธกเธชเธ เธฒเธ')]
Row 190: [(0, '       11.1.4 เธเธดเธเธเธฃเธฃเธกเน€เธเธดเนเธกเธเธฃเธฐเธชเธดเธ—เธเธดเธ เธฒเธเธฃเธฐเธเธเธเธฃเธดเธเธฒเธฃเธญเธญเธเนเธเธญเธเธธเธเธฒเธ•เธเธฑเธ”เธซเธฒเธเธฒเธเธญเธดเน€เธฅเนเธเธ—เธฃเธญเธเธดเธเธชเน '), (1, 'เธฃเธฐเธเธ'), (2, 0), (6, 0), (10, 0), (14, 0), (18, 0)]
Row 191: [(0, '(DOE e-License)')]
Row 192: [(0, '       11.1.5 เธเธดเธเธเธฃเธฃเธกเธเธฑเธ”เธเธทเนเธญเธเธฃเธธเธ เธฑเธ“เธ‘เนเธเธญเธกเธเธดเธงเน€เธ•เธญเธฃเนเธ—เธ”เนเธ—เธเธ—เธตเนเน€เธชเธทเนเธญเธกเธชเธ เธฒเธเธเธฒเธฃเนเธเนเธเธฒเธ '), (1, 'เน€เธเธฃเธทเนเธญเธ'), (2, 4), (3, 0), (6, 0), (10, 0), (14, 0), (15, 4), (18, 4)]
Row 193: [(0, 'เธเธตเธเธเธเธฃเธฐเธกเธฒเธ“ เธ.เธจ. 2570')]
Row 194: [(0, '       11.1.6 เธเธดเธเธเธฃเธฃเธกเธเนเธฒเธเน€เธซเธกเธฒเธเธฃเธดเธเธฒเธฃเธเธณเธฃเธธเธเธฃเธฑเธเธฉเธฒเนเธเธฃเนเธเธฃเธก (MA)'), (1, 'เธเธฒเธ'), (2, 0), (6, 0), (10, 0), (14, 0), (18, 0)]
